finger1 = [94, 176, 49, 33, 113, 82, 97, 65, 60, 62, 121, 89];
finger2 = [50, 34, 119, 87, 115, 83, 120, 88];
finger3 = [51, 167, 101, 69, 100, 68, 99, 67];
finger4 = [52, 36, 53, 37, 114, 82, 116, 84, 102, 70, 103, 71, 118, 86, 98, 66];
finger5 = [];
finger6 = [32];
finger7 = [54, 38, 55, 47, 122, 90, 117, 85, 194, 72, 106, 74, 110, 78, 109, 77];
finger8 = [56, 40, 105, 73, 107, 75, 44, 59];
finger9 = [57, 41, 111, 79, 108, 76, 46, 58];
finger10 = [48, 61, 225, 224, 8, 112, 80, 252, 229, 43, 42, 10, 246, 214, 228, 196, 35, 39, 45, 95];
