finger1 = [178, 49, 65, 97, 81, 113, 62, 60];
finger2 = [50, 233, 90, 122, 83, 115, 87, 119];
finger3 = [51, 34, 69, 101, 68, 100, 88, 120];
finger4 = [52, 39, 53, 40, 82, 114, 84, 116, 70, 102, 71, 103, 67, 99, 86, 118];
finger5 = [];
finger6 = [32];
finger7 = [54, 45, 55, 232, 89, 121, 85, 117, 72, 104, 74, 106, 66, 98, 78, 110];
finger8 = [56, 95, 73, 105, 75, 107, 63, 44];
finger9 = [57, 231, 79, 111, 76, 108, 46, 59];
finger10 = [48, 224, 176, 41, 43, 61, 80, 112, 168, 94, 163, 36, 10, 77, 109, 37, 249, 181, 47, 58, 167, 33];
