finger1 = [96, 126, 49, 33, 81, 113, 8, 65, 97, 90, 122];
finger2 = [50, 64, 87, 119, 82, 114, 88, 120];
finger3 = [51, 35, 102, 70, 83, 115, 99, 67];
finger4 = [52, 36, 53, 37, 112, 80, 103, 71, 116, 84, 100, 68, 118, 86, 98, 66];
finger5 = [];
finger6 = [32];
finger7 = [54, 94, 55, 38, 74, 106, 76, 108, 72, 104, 78, 110, 75, 107, 77, 109];
finger8 = [56, 42, 117, 85, 101, 69, 60, 44];
finger9 = [57, 40, 121, 89, 73, 105, 62, 46];
finger10 = [48, 41, 45, 95, 61, 43, 8, 59, 58, 91, 123, 92, 124, 93, 125, 34, 39, 10, 47, 63, 111, 79];
